[gd_scene load_steps=3 format=3 uid="uid://c60so65qgv1vn"]

[ext_resource type="Script" path="res://player/healthbar.gd" id="1_ockq8"]
[ext_resource type="PackedScene" uid="uid://cfdc8ibkn467o" path="res://player/heart.tscn" id="1_vm6dv"]

[node name="Healthbar" type="Node3D"]
transform = Transform3D(1, 0, 0, 0, 1, 0, 0, 0, 1, -7.5, 2, -4.75)
script = ExtResource("1_ockq8")

[node name="1" parent="." instance=ExtResource("1_vm6dv")]
transform = Transform3D(-0.866025, 0, -0.5, 0, 1, 0, 0.5, 0, -0.866025, 0, 0, 0)

[node name="2" parent="." instance=ExtResource("1_vm6dv")]
transform = Transform3D(-0.866025, 0, -0.5, 0, 1, 0, 0.5, 0, -0.866025, 0.75, 0, 0)

[node name="3" parent="." instance=ExtResource("1_vm6dv")]
transform = Transform3D(-0.866025, 0, -0.5, 0, 1, 0, 0.5, 0, -0.866025, 1.5, 0, 0)
